0.00215565
0.00704435
0.010239
0.015136
0.020418
0.031801
0.0319725
0.0346912
0.0422329
0.0452136
0.0553122
0.0489138
0.0599776
0.0665873
0.0659023
0.0726755
0.0737691
0.0892962
0.0926659
0.0970898
0.0947934
0.0918272
0.09337
0.0974103
0.0974933
0.101926
0.104818
0.0976017
0.099305
0.0990563
0.0993764
0.0937668
0.0892883
0.0984103
0.0921184
0.103844
0.0949413
0.0968275
0.0883631
0.0908571
0.0964884
0.0922563
0.0986851
0.0947207
0.0897367
0.0943175
0.0986402
0.0940714
0.0959648
0.0908061
0.0944806
0.0966871
0.102346
0.0957173
0.0962349
0.0858322
0.094639
0.0870257
0.0969446
0.0988098
0.103633
0.0950531
0.0983997
0.0978069
0.100668
0.0955016
0.0860972
0.0885803
0.0981248
0.102002
0.0991158
0.0964394
0.100897
0.0943788
0.098751
0.102793
0.099012
0.0849788
0.0980438
0.0942255
0.10182
0.0960684
0.0920321
0.0944664
0.0941311
0.0985502
0.0950264
0.0962782
0.10666
0.103063
0.0921449
0.10284
0.100765
0.0935775
0.0901596
0.0915429
0.0951697
0.0905357
0.100061
0.0977662
