2.17929e-06
0.0186186
0.0235425
0.0361198
0.0489349
0.0616328
0.0748182
0.0886798
0.101657
0.115697
0.1279
0.144261
0.157198
0.171784
0.185646
0.197843
0.212539
0.227897
0.240556
0.328431
0.262411
0.262295
0.262301
0.262309
0.263117
0.262299
0.262692
0.260042
0.26201
0.261489
0.262117
0.330542
0.261492
0.262413
0.260159
0.261756
0.261728
0.261879
0.26233
0.261965
0.261729
0.262514
0.261721
0.262414
0.26225
0.262336
0.262064
0.261668
0.26299
0.261735
0.262157
0.261826
0.262318
0.262668
0.26267
0.261662
0.264454
0.262109
0.262097
0.262703
0.261754
0.261796
0.269581
0.263876
0.261305
0.261513
0.26235
0.26192
0.261974
0.262824
0.262477
0.26224
0.261902
0.262472
0.261753
0.261463
0.261851
0.262323
0.262033
0.262749
0.26218
0.261744
0.262268
0.262991
0.261925
0.262146
0.262058
0.265343
0.279484
0.269361
0.261714
0.260303
0.262081
0.329208
0.261845
0.26223
0.269388
0.261987
0.261628
0.260478
